3 0.3696833333333333 0.50313 0.09532333333333334 0.142405
4 0.383265 0.3404475 0.07508333333333334 0.1066575
2 0.45876500000000003 0.2269325 0.08442166666666666 0.1275375
10 0.5750083333333333 0.16774250000000002 0.09092333333333333 0.13817
7 0.7006466666666666 0.25818 0.08754333333333333 0.13438
12 0.7427383333333334 0.39811 0.10258333333333333 0.143565
9 0.5612316666666667 0.5176975 0.10721833333333332 0.1550675
5 0.3812733333333333 0.657395 0.06098166666666666 0.1207825
11 0.44843500000000003 0.763615 0.08737333333333333 0.140965
8 0.5826516666666667 0.8258375 0.09440499999999999 0.143985
0 0.6683883333333334 0.7142525000000001 0.066875 0.21172749999999999
6 0.751875 0.540145 0.06351833333333333 0.11142
1 0.7397783333333333 0.6475299999999999 0.08823333333333333 0.12634499999999999