8 0.18318833333333334 0.4458975 0.10019 0.14989750000000002
1 0.34166 0.364745 0.08417666666666666 0.12727249999999998
11 0.6014766666666667 0.314805 0.09603333333333335 0.132815
10 0.515765 0.4198 0.09509333333333332 0.1434675
7 0.7246616666666668 0.41427749999999997 0.09310666666666667 0.13918
5 0.7450466666666666 0.7423350000000001 0.06178333333333333 0.1250725
6 0.679925 0.7730075000000001 0.06220666666666667 0.12334
2 0.5731783333333333 0.6036225 0.08451166666666667 0.1281275
3 0.4559316666666667 0.5891425 0.09708166666666666 0.14648
0 0.5211633333333333 0.7753075 0.14719166666666667 0.10203
9 0.32055833333333333 0.7548125 0.10719 0.1725575
4 0.2766383333333333 0.5926549999999999 0.06440833333333333 0.1095725
12 0.17981500000000003 0.7609600000000001 0.11106666666666666 0.1645775