7 0.115415 0.2344425 0.09409833333333334 0.142685
3 0.42078166666666666 0.180065 0.09540666666666668 0.1472225
8 0.20582 0.7592749999999999 0.09650666666666666 0.14928999999999998
9 0.3888633333333333 0.48108999999999996 0.10333666666666666 0.15175249999999998
5 0.48577833333333337 0.3667975 0.07702333333333333 0.0975775
11 0.628785 0.26746 0.09948 0.1465675
10 0.8343583333333333 0.22265000000000001 0.09281833333333332 0.1348475
2 0.851805 0.41562 0.08120166666666666 0.1242975
6 0.6281716666666667 0.5549225 0.06337166666666667 0.10872499999999999
0 0.591435 0.8245875 0.06353833333333334 0.2178425
12 0.80491 0.9011775 0.09748333333333332 0.14778
1 0.8010799999999999 0.6608425 0.08586833333333334 0.122815
5 0.36505499999999996 0.8678825 0.07590166666666667 0.0936025