11 0.23116 0.30191250000000003 0.09922666666666667 0.1529625
11 0.23139166666666666 0.4764725 0.09367833333333334 0.13598500000000002
11 0.3524 0.475755 0.08802166666666666 0.14176
10 0.22993 0.6584325 0.08955166666666665 0.1301975
10 0.6230483333333333 0.6763224999999999 0.08514999999999999 0.13452
12 0.48460333333333333 0.33332249999999997 0.11061 0.1666025
12 0.480445 0.5133975000000001 0.111985 0.1546325
12 0.3446633333333333 0.6638725 0.11176166666666668 0.1677675
1 0.6059116666666666 0.3243475 0.08770166666666668 0.1341175
1 0.61524 0.495995 0.09279166666666666 0.13436250000000002
9 0.3573616666666667 0.29802 0.10614666666666667 0.18031
9 0.47959833333333335 0.6855375 0.11998333333333333 0.161675